name: tensor
channels:
- defaults
dependencies:
- blas=1.0=openblas
- ca-certificates=2018.03.07=0
- certifi=2018.4.16=py36_0
- cycler=0.10.0=py36h93f1223_0
- dbus=1.13.2=h714fa37_1
- expat=2.2.5=he0dffb1_0
- fontconfig=2.12.6=h49f89f6_0
- freetype=2.8=hab7d2ae_1
- glib=2.56.1=h000015b_0
- gst-plugins-base=1.14.0=hbbd80ab_1
- gstreamer=1.14.0=hb453b48_1
- icu=58.2=h9c2bf20_1
- jpeg=9b=h024ee3a_2
- kiwisolver=1.0.1=py36h764f252_0
- libedit=3.1.20170329=h6b74fdf_2
- libffi=3.2.1=hd88cf55_4
- libgcc-ng=7.2.0=hdf63c60_3
- libgfortran-ng=7.2.0=hdf63c60_3
- libopenblas=0.2.20=h9ac9557_7
- libpng=1.6.34=hb9fc6fc_0
- libstdcxx-ng=7.2.0=hdf63c60_3
- libxcb=1.13=h1bed415_1
- libxml2=2.9.8=h26e45fe_1
- matplotlib=2.2.2=py36h0e671d2_1
- ncurses=6.1=hf484d3e_0
- numpy=1.14.3=py36h28100ab_2
- numpy-base=1.14.3=py36h2b20989_2
- openssl=1.0.2o=h20670df_0
- pandas=0.23.0=py36h637b7d7_0
- pcre=8.42=h439df22_0
- pip=10.0.1=py36_0
- pyparsing=2.2.0=py36hee85983_1
- pyqt=5.9.2=py36h751905a_0
- python=3.6.5=hc3d631a_2
- python-dateutil=2.7.3=py36_0
- pytz=2018.4=py36_0
- qt=5.9.5=h7e424d6_0
- readline=7.0=ha6073c6_4
- setuptools=39.2.0=py36_0
- sip=4.19.8=py36hf484d3e_0
- six=1.11.0=py36h372c433_1
- sqlite=3.23.1=he433501_0
- tk=8.6.7=hc745277_3
- tornado=5.0.2=py36_0
- tqdm=4.23.4=py36_0
- wheel=0.31.1=py36_0
- xz=5.2.4=h14c3975_4
- zlib=1.2.11=ha838bed_2
- pip:
  - absl-py==0.2.2
  - astor==0.6.2
  - bleach==1.5.0
  - gast==0.2.0
  - grpcio==1.12.0
  - html5lib==0.9999999
  - markdown==2.6.11
  - protobuf==3.5.2.post1
  - tensorboard==1.8.0
  - tensorflow-gpu==1.8.0
  - termcolor==1.1.0
  - werkzeug==0.14.1
prefix: /home/marion/miniconda3/envs/tensor

